% cv_4

% A = 1, B = 2, C = 3, D = 4, E = 5
% odkazy = [
%     0, 1, 1, 1, 0;
%     1, 0, 1, 0, 0;
%     1, 1, 0, 1, 1;
%     1, 0, 0, 0, 0;
%     1, 0, 1, 1, 0;
%  ]

M = [
    0, 1, 1, 1, 0;
    1, 0, 1, 0, 0;
    1, 1, 0, 1, 1;
    1, 0, 0, 0, 0;
    1, 0, 1, 1, 0;
 ];