% cv_4

% A = 1, B = 2, C = 3, D = 4, E = 5

M = [
    0, 1/2, 1/4, 1, 1/3;
    1/3, 0, 1/4, 0, 0;
    1/3, 1/2, 0, 0, 1/3;
    1/3, 0, 1/4, 0, 1/3;
    0, 0, 1/4, 0, 0;
 ];